885,750,10,0,100
19
568,60,15,1,2,29,0,false
568,100,15,1,2,29,0,false
568,140,15,1,3,29,0,false
568,180,15,1,3,29,0,false
568,220,15,1,1,29,0,false
748,60,15,1,2,29,0,false
748,100,15,1,2,29,0,false
748,140,15,1,1,29,0,false
748,180,15,1,3,29,0,false
838,60,15,1,1,29,0,false
838,100,15,1,1,29,0,false
838,140,15,1,2,29,0,false
838,180,15,1,1,29,0,false
838,220,15,1,3,29,0,false
928,60,15,1,2,29,0,false
928,100,15,1,1,29,0,false
928,140,15,1,2,29,0,false
928,180,15,1,3,29,0,false
928,220,15,1,2,29,0,false
2
478,558,0,-2,true,false,18,18
583,526,0,-2,true,false,18,18
1
1145,38,25,2,1
